0 Name: KODIAK1.DAT
0 Name: 
0 Author: Ben Vaughan
0 Unofficial Model
0 Inlined:  1 16 0 0 0 1 0 0 0 1 0 0 0 1 k_waist.dat
0 Name: k_waist.DAT
1 8 0 0 0 1 0 0 0 1 0 0 0 1 3660.DAT
1 8 0 0 40 -1 0 0 0 1 0 0 0 -1 3660.DAT
1 8 0 0 20 1 0 0 0 1 0 0 0 1 3004.DAT
1 8 0 -8 30 1 0 0 0 1 0 0 0 1 3031.DAT
1 8 0 -16 50 1 0 0 0 1 0 0 0 1 3020.DAT
1 8 0 -16 0 1 0 0 0 1 0 0 0 1 3710.DAT
1 8 0 -40 50 1 0 0 0 1 0 0 0 1 3001.DAT
1 8 0 -48 50 1 0 0 0 1 0 0 0 1 3020.DAT
0 Inlined: 1 8 0 -40 0 1 0 0 0 1 0 0 0 1 k_hips.dat
0 Name: k_hips.DAT
1 8 0 -40 0 1 0 0 0 1 0 0 0 1 3701.DAT
1 0 -20 -30 10 0 0 1 0 1 0 -1 0 0 4459.DAT
1 0 20 -30 10 0 0 1 0 1 0 -1 0 0 4459.DAT
1 7 39.400002 -32.060001 21 0 0.09 1 0 1 -0.09 -1 0 0 3651.DAT
1 7 -39.880001 -31.26 21 0 -0.09 -1 0 1 -0.09 1 0 0 3651.DAT
1 8 30 -48 0 1 0 0 0 1 0 0 0 1 3024.DAT
1 8 -30 -48 0 1 0 0 0 1 0 0 0 1 3024.DAT
1 8 0 -56 50 1 0 0 0 1 0 0 0 1 3022.DAT
1 8 -30 -56 30 0 0 1 0 1 0 -1 0 0 3710.DAT
1 8 30 -56 30 0 0 1 0 1 0 -1 0 0 3710.DAT
1 8 0 -64 60 1 0 0 0 1 0 0 0 1 3710.DAT
1 8 0 -64 30 1 0 0 0 1 0 0 0 1 3020.DAT
1 8 -30 -64 0 1 0 0 0 1 0 0 0 1 4085c.dat
1 8 30 -64 0 1 0 0 0 1 0 0 0 1 4081b.dat
1 8 0 -8 -20 1 0 0 0 1 0 0 0 1 3023.DAT
1 8 0 -40 -20 1 0 0 0 1 0 0 0 1 4175.DAT
1 8 0 -32 -20 1 0 0 0 1 0 0 0 1 3004.DAT
1 8 0 -64 0 1 0 0 0 1 0 0 0 1 3039.DAT
1 0 0 -88 30 1 0 0 0 1 0 0 0 1 3403.DAT
1 0 0 -88 30 1 0 0 0 1 0 0 0 1 3404.DAT
1 0 0 -88 30 0 -1 0 1 0 0 0 0 1 4459.DAT
0 Inlined: 1 16 89 217 2 1 0 0 0 1 0 0 0 1 k_lleg.dat
0 Name: k_lleg.DAT
0 Inlined: 1 16 89 217 2 1 0 -0.09 0 1 0 0.09 0 1 k_lfoot.dat
0 Name: k_lfoot.DAT
0 Inlined: 1 16 89 217 2 1 0 -0.09 0 1 0 0.09 0 1 k_toe.dat
0 toe.dat
0 Name: toe.dat
0 Unofficial Sub-Model
1 8 89 217 2 1 0 -0.09 0 1 0 0.09 0 1 3023.DAT
1 8 89 193 2 1 0 -0.09 0 1 0 0.09 0 1 3700.DAT
1 8 91.699997 193 -28 1 0 -0.09 0 1 0 0.09 0 1 2817.DAT
1 8 89 169 2 1 0 -0.09 0 1 0 0.09 0 1 3298.DAT
1 0 111.699997 203 -26.200001 -1 0 0.09 0 1 0 -0.09 0 -1 4459.DAT
1 0 71.699997 203 -29.799999 1 0 -0.09 0 1 0 0.09 0 1 4459.DAT
0 Inlined: 1 0 61.7 217 -30.7 1 0 -0.09 0 1 0 0.09 0 1 k_toe1.dat
0 Name: k_toe1.DAT
1 8 61.700001 217 -30.700001 0.09 0 1 0 1 0 -1 0 0.09 3023.DAT
1 8 63.5 193 -50.700001 0.09 0 1 0 1 0 -1 0 0.09 2744.DAT
0 Inlined: 1 0 121.7 217 -25.3 1 0 -0.09 0 1 0 0.09 0 1 k_toe1.dat
0 Name: k_toe1.DAT
1 8 121.699997 217 -25.299999 0.09 0 1 0 1 0 -1 0 0.09 3023.DAT
1 8 123.5 193 -45.299999 0.09 0 1 0 1 0 -1 0 0.09 2744.DAT
0 Inlined: 1 16 87.79 213.71 22.053 1 -0.09 0.09 -0.09 -1 0 0.09 0 -1 k_ankle.dat
0 Name: k_ankle.DAT
1 8 84.010002 181.710007 32.053001 1 -0.09 0.09 -0.09 -1 0 0.09 0 -1 3003.DAT
1 8 84.730003 189.710007 32.053001 1 -0.09 0.09 -0.09 -1 0 0.09 0 -1 3022.DAT
1 8 87.790001 213.710007 22.052999 1 -0.09 0.09 -0.09 -1 0 0.09 0 -1 3700.DAT
1 0 87.790001 203.710007 12.053 -0.09 -0.09 1 0 -1 -0.09 1 0 0.09 4459.DAT
1 8 85.989998 213.710007 42.053001 1 -0.09 0.09 -0.09 -1 0 0.09 0 -1 3700.DAT
1 0 84.190002 203.710007 52.053001 -0.09 -0.09 1 0 -1 -0.09 1 0 0.09 4459.DAT
0 Inlined: 1 16 81.76 217.14 81.996 1 0 -0.09 0 1 0 0.09 0 1 k_heel.dat
0 Name: k_heel.DAT
1 8 81.760002 217.139999 81.996002 0.09 0 1 0 1 0 -1 0 0.09 3021.DAT
1 8 83.559998 193.139999 61.995998 1 0 -0.09 0 1 0 0.09 0 1 3700.DAT
1 8 81.760002 193.139999 81.996002 -1 0 0.09 0 1 0 -0.09 0 -1 3039.DAT
1 8 83.559998 169.139999 61.995998 -1 0 0.09 0 1 0 -0.09 0 -1 3039.DAT
0 Inlined: 1 16 80.54 96.42 68 1 0 -0.09 -0.09 0 -1 0 1 0 k_lshin.dat
0 Name: k_lshin.DAT
1 8 80.540001 96.419998 68 1 0 -0.09 -0.09 0 -1 0 1 0 3020.DAT
1 8 61.439999 108.220001 44 1 0 -0.09 -0.09 0 -1 0 1 0 3747a.dat
1 8 101.440002 104.620003 44 1 0 -0.09 -0.09 0 -1 0 1 0 3747a.dat
1 8 99.639999 84.620003 44 -1 0 0.09 0.09 0 1 0 1 0 3660.DAT
1 8 59.639999 88.220001 44 -1 0 0.09 0.09 0 1 0 1 0 3660.DAT
1 0 84.139999 136.419998 20 0.09 0 1 1 0 -0.09 0 1 0 4730.DAT
1 8 80.540001 96.419998 20 1 0 -0.09 -0.09 0 -1 0 1 0 3003.DAT
1 8 70.540001 97.32 12 0.09 0 1 1 0 -0.09 0 1 0 2436.DAT
1 8 90.540001 95.519997 12 -0.09 0 -1 -1 0 0.09 0 1 0 2436.DAT
1 8 84.139999 136.419998 12 1 0 -0.09 -0.09 0 -1 0 1 0 3022.DAT
0 Inlined: 1 8 46.74 79.3 22 0 1 -0.09 0 -0.09 -1 -1 0 0 k_lshin2.dat
0 Name: k_lshin2.DAT
1 8 46.740002 79.300003 22 0.09 1 0 1 -0.09 0 0 0 -1 4263.DAT
1 8 38.740002 80.019997 22 0.09 1 0 1 -0.09 0 0 0 -1 3710.DAT
1 8 36.139999 140.740005 22 0.09 1 0 1 -0.09 0 0 0 -1 3004.DAT
0 Inlined: 1 8 112.54 93.54 22 0 -1 0.09 0 0.09 1 -1 0 0 k_lshin1.dat
0 Name: k_lshin1.DAT
1 8 112.540001 93.540001 22 -0.09 -1 0 -1 0.09 0 0 0 -1 4262.DAT
1 8 125.540001 92.370003 32 -0.09 -1 0 -1 0.09 0 0 0 -1 4590.DAT
1 8 131.949997 40.380001 22 0 -1 0.09 0 0.09 1 -1 0 0 3062b.DAT
1 8 133.75 60.380001 22 0 -1 0.09 0 0.09 1 -1 0 0 3024.DAT
1 8 140.850006 49.66 22 -0.09 -1 0 -1 0.09 0 0 0 -1 3023.DAT
0 Inlined: 1 8 83.35 105.24 -12 1 0 -0.09 -0.09 0 -1 0 1 0 k_shin2.dat
0 Name: shin2.dat
0 Name: k_shin2.dat
0 Unofficial Sub-Model
1 8 83.349998 105.239998 -12 1 0 -0.09 -0.09 0 -1 0 1 0 3297.DAT
1 8 61.549999 87.040001 -12 -1 0 0.09 0.09 0 1 0 1 0 3660.DAT
1 8 101.550003 83.440002 -12 -1 0 0.09 0.09 0 1 0 1 0 3660.DAT
1 8 78.849998 55.240002 -20 0.09 0 1 1 0 -0.09 0 1 0 3795.DAT
1 8 76.150002 25.24 -28 0.09 0 1 1 0 -0.09 0 1 0 3021.DAT
1 8 74.349998 5.24 -36 1 0 -0.09 -0.09 0 -1 0 1 0 3023.DAT
0 Inlined: 1 16 72.62 -9.54 40.6 1 -0.02 -0.09 -0.09 0.09 -1 0.02 1 0.08 k_rthigh.dat
0 Name: k_rthigh.DAT
1 8 72.620003 -9.54 40.599998 0.09 -0.02 1 1 0.09 -0.09 -0.08 1 0.02 3001.DAT
1 8 72.779999 -10.26 32.599998 0.09 -0.02 1 1 0.09 -0.09 -0.08 1 0.02 3020.DAT
1 8 63.259998 -11.52 8.4 0.09 -0.02 1 1 0.09 -0.09 -0.08 1 0.02 3701.DAT
1 7 50.240002 -29.540001 20.780001 -1 -0.02 0.09 0.09 0.09 1 -0.02 1 -0.08 3749.DAT
1 14 85.870003 15.68 6.48 1 -0.02 -0.09 -0.09 0.09 -1 0.02 1 0.08 3062B.DAT
1 8 84.07 -4.32 8.08 -1 -0.02 0.09 0.09 0.09 1 -0.02 1 -0.08 4070.DAT
1 7 81.169998 -33.419998 20.48 -0.02 -1 -0.09 0.09 0.09 -1 1 -0.02 0.08 3959.dat
1 8 76.459999 29.379999 25.4 1 0.09 -0.02 -0.09 1 0.09 0.02 -0.08 1 3956.DAT
1 0 77.199997 37.290001 23.76 1 0.09 -0.02 -0.09 1 0.09 0.02 -0.08 1 2817.DAT
1 0 98.099998 45.490002 23.360001 1 -0.02 -0.09 -0.09 0.09 -1 0.02 1 0.08 4459.DAT
1 0 58.099998 49.09 22.559999 1 -0.02 -0.09 -0.09 0.09 -1 0.02 1 0.08 4459.DAT
1 8 71.620003 -33.139999 2.2 1 -0.02 -0.09 -0.09 0.09 -1 0.02 1 0.08 3022.DAT
1 8 71.199997 -45.299999 -21 1 -0.02 -0.09 -0.09 0.09 -1 0.02 1 0.08 3298.DAT
0 Inlined: 1 16 -92 217 2 1 0 0 0 1 0 0 0 1 k_rleg.dat
0 Name: k_rleg.DAT
0 Inlined: 1 16 -92 217 2 1 0 0.09 0 1 0 -0.09 0 1 k_rfoot.dat
0 Name: k_rfoot.DAT
0 Inlined: 1 16 -92 217 2 1 0 0.09 0 1 0 -0.09 0 1 k_toe.dat
0 toe.dat
0 Name: toe.dat
0 Unofficial Sub-Model
1 8 -92 217 2 1 0 0.09 0 1 0 -0.09 0 1 3023.DAT
1 8 -92 193 2 1 0 0.09 0 1 0 -0.09 0 1 3700.DAT
1 8 -94.699997 193 -28 1 0 0.09 0 1 0 -0.09 0 1 2817.DAT
1 8 -92 169 2 1 0 0.09 0 1 0 -0.09 0 1 3298.DAT
1 0 -74.699997 203 -29.799999 -1 0 -0.09 0 1 0 0.09 0 -1 4459.DAT
1 0 -114.699997 203 -26.200001 1 0 0.09 0 1 0 -0.09 0 1 4459.DAT
1 0 -124.699997 217 -25.299999 1 0 0.09 0 1 0 -0.09 0 1 k_toe1.dat
1 0 -64.699997 217 -30.700001 1 0 0.09 0 1 0 -0.09 0 1 k_toe1.dat
0 Inlined: 1 16 -91.49 212.82 22.116 1 0.09 -0.09 0.09 -1 0 -0.09 0 -1 k_ankle.dat
0 Name: k_ankle.DAT
1 8 -87.709999 180.820007 32.116001 1 0.09 -0.09 0.09 -1 0 -0.09 0 -1 3003.DAT
1 8 -88.43 188.820007 32.116001 1 0.09 -0.09 0.09 -1 0 -0.09 0 -1 3022.DAT
1 8 -91.489998 212.820007 22.115999 1 0.09 -0.09 0.09 -1 0 -0.09 0 -1 3700.DAT
1 0 -91.489998 202.820007 12.116 0.09 0.09 1 0 -1 0.09 1 0 -0.09 4459.DAT
1 8 -89.690002 212.820007 42.116001 1 0.09 -0.09 0.09 -1 0 -0.09 0 -1 3700.DAT
1 0 -87.889999 202.820007 52.116001 0.09 0.09 1 0 -1 0.09 1 0 -0.09 4459.DAT
0 Inlined: 1 16 -84.84 217.14 82.004 1 0 0.09 0 1 0 -0.09 0 1 k_heel.dat
0 Name: k_heel.DAT
1 8 -84.839996 217.139999 82.003998 -0.09 0 1 0 1 0 -1 0 -0.09 3021.DAT
1 8 -86.639999 193.139999 62.004002 1 0 0.09 0 1 0 -0.09 0 1 3700.DAT
1 8 -84.839996 193.139999 82.003998 -1 0 -0.09 0 1 0 0.09 0 -1 3039.DAT
1 8 -86.639999 169.139999 62.004002 -1 0 -0.09 0 1 0 0.09 0 -1 3039.DAT
0 Inlined: 1 16 -86.12 96.52 68 1 0 0.09 0.09 0 -1 0 1 0 k_rshin.dat
0 Name: k_rshin.DAT
0 Inlined: 1 16 -86.12 96.52 68 1 0 0.09 0.09 0 -1 0 1 0 k_shin1.dat
0 Name: k_shin1.DAT
1 8 -86.120003 96.519997 68 1 0 0.09 0.09 0 -1 0 1 0 3020.DAT
1 8 -107.019997 104.720001 44 1 0 0.09 0.09 0 -1 0 1 0 3747a.dat
1 8 -67.019997 108.32 44 1 0 0.09 0.09 0 -1 0 1 0 3747a.dat
1 8 -65.220001 88.32 44 -1 0 -0.09 -0.09 0 1 0 1 0 3660.DAT
1 8 -105.220001 84.720001 44 -1 0 -0.09 -0.09 0 1 0 1 0 3660.DAT
1 0 -89.720001 136.520004 20 -0.09 0 1 1 0 0.09 0 1 0 4730.DAT
1 8 -86.120003 96.519997 20 1 0 0.09 0.09 0 -1 0 1 0 3003.DAT
1 8 -96.120003 95.620003 12 -0.09 0 1 1 0 0.09 0 1 0 2436.DAT
1 8 -76.120003 97.419998 12 0.09 0 -1 -1 0 -0.09 0 1 0 2436.DAT
1 8 -89.720001 136.520004 12 1 0 0.09 0.09 0 -1 0 1 0 3022.DAT
0 Inlined: 1 16 -118.12 93.64 22 0 1 0.09 0 0.09 -1 -1 0 0 k_rshin1.dat
0 Name: k_rshin1.DAT
1 8 -118.120003 93.639999 22 -0.09 1 0 1 0.09 0 0 0 -1 4262.DAT
1 8 -131.119995 92.470001 32 -0.09 1 0 1 0.09 0 0 0 -1 4590.DAT
1 8 -137.710007 42.48 22 0 1 0.09 0 0.09 -1 -1 0 0 3062b.DAT
1 8 -139.509995 62.48 22 0 1 0.09 0 0.09 -1 -1 0 0 3024.DAT
1 8 -146.610001 51.759998 22 -0.09 1 0 1 0.09 0 0 0 -1 3023.DAT
0 Inlined: 1 16 -51.32 79.49 22 0 -1 0.09 0 -0.09 -1 1 0 0 k_rshin2.dat
0 Name: k_rshin2.DAT
1 8 -51.32 79.489998 22 -0.09 -1 0 1 -0.09 0 0 0 1 4263.DAT
1 8 -43.32 80.209999 22 -0.09 -1 0 1 -0.09 0 0 0 1 3710.DAT
1 8 -40.720001 140.929993 22 -0.09 -1 0 1 -0.09 0 0 0 1 3004.DAT
0 Inlined: 1 16 -85.93 105.61 -12 1 0 0.09 0.09 0 -1 0 1 0 k_shin2.dat
0 Name: shin2.dat
0 Name: k_shin2.dat
0 Unofficial Sub-Model
1 8 -85.93 105.610001 -12 1 0 0.09 0.09 0 -1 0 1 0 3297.DAT
1 8 -104.129997 83.809998 -12 -1 0 -0.09 -0.09 0 1 0 1 0 3660.DAT
1 8 -64.129997 87.410004 -12 -1 0 -0.09 -0.09 0 1 0 1 0 3660.DAT
1 8 -81.43 55.610001 -20 -0.09 0 1 1 0 0.09 0 1 0 3795.DAT
1 8 -78.730003 25.610001 -28 -0.09 0 1 1 0 0.09 0 1 0 3021.DAT
1 8 -76.93 5.61 -36 1 0 0.09 0.09 0 -1 0 1 0 3023.DAT
0 Inlined: 1 16 -75.19 -11.19 38.55 1 0.02 0.09 0.09 0.09 -1 -0.02 1 0.08 k_lthigh.dat
0 Name: k_lthigh.DAT
1 8 -75.190002 -11.19 38.549999 -0.09 0.02 1 1 0.09 0.09 -0.08 1 -0.02 3001.DAT
1 8 -75.349998 -11.91 30.549999 -0.09 0.02 1 1 0.09 0.09 -0.08 1 -0.02 3020.DAT
1 8 -65.830002 -13.17 6.35 -0.09 0.02 1 1 0.09 0.09 -0.08 1 -0.02 3701.DAT
1 7 -51.830002 -31.190001 17.709999 1 0.02 0.09 0.09 0.09 -1 -0.02 1 0.08 3749.DAT
1 14 -88.440002 14.03 4.43 1 0.02 0.09 0.09 0.09 -1 -0.02 1 0.08 3062B.DAT
1 8 -86.639999 -5.97 6.03 -1 0.02 -0.09 -0.09 0.09 1 0.02 1 -0.08 4070.DAT
1 7 -83.650002 -36.07 18.51 -0.02 1 0.09 -0.09 0.09 -1 -1 -0.02 0.08 3959.dat
1 8 -79.029999 27.73 23.35 1 -0.09 0.02 0.09 1 0.09 -0.02 -0.08 1 3956.DAT
1 0 -79.769997 35.639999 21.709999 1 -0.09 0.02 0.09 1 0.09 -0.02 -0.08 1 2817.DAT
1 0 -60.759998 48.439999 20.43 1 0.02 0.09 0.09 0.09 -1 -0.02 1 0.08 4459.DAT
1 0 -100.760002 44.84 21.23 1 0.02 0.09 0.09 0.09 -1 -0.02 1 0.08 4459.DAT
1 8 -74.190002 -34.790001 0.15 1 0.02 0.09 0.09 0.09 -1 -0.02 1 0.08 3022.DAT
1 8 -73.860001 -45.950001 -23.129999 1 0.02 0.09 0.09 0.09 -1 -0.02 1 0.08 3298.DAT
0 Inlined: 1 16 -1 -97 80 1 0 0 0 1 0 0 0 1 k_torso.dat
0 Name: k_torso.DAT
1 8 -1 -97 60 1 0 0 0 1 0 0 0 1 3023.DAT
1 8 -1 -97 0 1 0 0 0 1 0 0 0 1 3023.DAT
1 8 39 -97 30 0 0 1 0 1 0 -1 0 0 3020.DAT
1 8 -41 -97 30 0 0 1 0 1 0 -1 0 0 3020.DAT
1 8 -21 -121 60 1 0 0 0 1 0 0 0 1 3700.DAT
1 8 19 -121 60 1 0 0 0 1 0 0 0 1 3700.DAT
1 8 -51 -121 50 0 0 1 0 1 0 -1 0 0 3010.DAT
1 8 49 -121 50 0 0 1 0 1 0 -1 0 0 3010.DAT
1 8 -51 -121 0 1 0 0 0 1 0 0 0 1 4287.DAT
1 8 -21 -121 0 1 0 0 0 1 0 0 0 1 3660.DAT
1 8 19 -121 0 1 0 0 0 1 0 0 0 1 3660.DAT
1 8 49 -121 0 1 0 0 0 1 0 0 0 1 4287.DAT
0 Inlined: 1 8 -1 -97 80 1 0 0 0 1 0 0 0 1 k_bakpak.dat
0 Name: k_bakpak.DAT
1 8 -1 -97 80 1 0 0 0 1 0 0 0 1 3710.DAT
1 8 -21 -121 80 1 0 0 0 1 0 0 0 1 3700.DAT
1 8 19 -121 80 1 0 0 0 1 0 0 0 1 3700.DAT
1 8 19 -169 80 1 0 0 0 1 0 0 0 1 3700.DAT
1 8 -21 -169 80 1 0 0 0 1 0 0 0 1 3700.DAT
1 8 -1 -145 80 1 0 0 0 1 0 0 0 1 3010.DAT
1 8 -1 -193 80 1 0 0 0 1 0 0 0 1 3010.DAT
1 0 -21 -111 70 0 0 1 0 1 0 -1 0 0 4459.DAT
1 0 19 -111 70 0 0 1 0 1 0 -1 0 0 4459.DAT
1 0 19 -159 90 0 0 1 0 1 0 -1 0 0 4459.DAT
1 0 -21 -159 90 0 0 1 0 1 0 -1 0 0 4459.DAT
1 0 0 -158.690002 98 -0.87 -0.5 0 -0.5 0.87 0 0 0 -1 2695.DAT
1 7 0 -158.690002 91 0 0 -1 0 1 0 1 0 0 3749.DAT
1 7 0 -159 112.309998 1 0 0 0 0 -1 0 1 0 4032a.dat
1 7 0 -160.309998 116 1 0 0 0 0 -1 0 1 0 2654.DAT
1 8 -1 -129 -20 1 0 0 0 1 0 0 0 1 3710.DAT
1 8 -1 -129 30 1 0 0 0 1 0 0 0 1 3031.DAT
1 8 -1 -153 60 1 0 0 0 1 0 0 0 1 3010.DAT
1 8 -51 -145 30 0 0 1 0 1 0 -1 0 0 3009.DAT
1 8 49 -145 30 0 0 1 0 1 0 -1 0 0 3009.DAT
1 36 49 -145 -40 1 0 0 0 1 0 0 0 1 3062b.DAT
1 36 -51 -145 -40 1 0 0 0 1 0 0 0 1 3062b.DAT
1 0 -21 -153 -20 1 0 0 0 1 0 0 0 1 3937.DAT
1 0 19 -153 -20 1 0 0 0 1 0 0 0 1 3937.DAT
1 0 19 -153 -20 1 0 0 0 1 0 0 0 1 3938.DAT
1 0 -21 -153 -20 1 0 0 0 1 0 0 0 1 3938.DAT
1 8 -51 -169 -20 1 0 0 0 1 0 0 0 1 3040b.dat
1 8 49 -169 -20 1 0 0 0 1 0 0 0 1 3040b.dat
1 8 49 -169 30 0 0 1 0 1 0 -1 0 0 3701.DAT
1 8 -51 -169 30 0 0 1 0 1 0 -1 0 0 3701.DAT
1 8 -51 -169 80 -1 0 0 0 1 0 0 0 -1 3665.DAT
1 8 49 -169 80 -1 0 0 0 1 0 0 0 -1 3665.DAT
1 8 49 -193 80 -1 0 0 0 1 0 0 0 -1 3040b.dat
1 8 -51 -193 80 -1 0 0 0 1 0 0 0 -1 3040b.dat
1 8 -51 -193 0 1 0 0 0 1 0 0 0 1 3040b.dat
1 8 49 -193 0 1 0 0 0 1 0 0 0 1 3040b.dat
1 8 -1 -193 60 1 0 0 0 1 0 0 0 1 3455.DAT
1 8 -51 -193 30 0 0 1 0 1 0 -1 0 0 3004.DAT
1 8 49 -193 30 0 0 1 0 1 0 -1 0 0 3004.DAT
1 8 -1 -177 0 1 0 0 0 1 0 0 0 1 3297.DAT
1 8 -1 -201 0 1 0 0 0 1 0 0 0 1 3010.DAT
1 8 -51 -201 30 0 0 1 0 1 0 -1 0 0 3710.DAT
1 8 49 -201 30 0 0 1 0 1 0 -1 0 0 3710.DAT
1 8 -1 -201 60 1 0 0 0 1 0 0 0 1 3710.DAT
1 8 -1 -209 50 1 0 0 0 1 0 0 0 1 3795.DAT
1 8 -1 -209 20 1 0 0 0 1 0 0 0 1 3666.DAT
1 8 -1 -217 20 1 0 0 0 1 0 0 0 1 3794.DAT
1 8 -1 -217 40 1 0 0 0 1 0 0 0 1 2431.DAT
1 8 -1 -209 0 1 0 0 0 1 0 0 0 1 3069b.dat
1 8 -1 -209 0 1 0 0 0 1 0 0 0 1 3069b.dat
0 Inlined: 1 8 -81 -121 30 1 0 0 0 1 0 0 0 1 k_rshold.dat
0 Name: k_rshold.DAT
1 8 -81 -121 30 0 0 1 0 1 0 -1 0 0 3020.DAT
1 8 -81 -145 0 1 0 0 0 1 0 0 0 1 3660.DAT
1 8 -81 -169 -20 1 0 0 0 1 0 0 0 1 3660.DAT
1 8 -81 -145 60 -1 0 0 0 1 0 0 0 -1 3660.DAT
1 8 -81 -169 80 -1 0 0 0 1 0 0 0 -1 3660.DAT
1 8 -81 -145 30 1 0 0 0 1 0 0 0 1 3003.DAT
1 8 -71 -169 30 0 0 1 0 1 0 -1 0 0 3701.DAT
1 0 -60 -159 10 1 0 0 0 1 0 0 0 1 4459.DAT
1 0 -60 -159 50 1 0 0 0 1 0 0 0 1 4459.DAT
1 8 -91 -169 30 0 0 1 0 1 0 -1 0 0 3010.DAT
1 8 -71 -193 -30 0 0 1 0 1 0 -1 0 0 3004.DAT
1 8 -71 -193 90 0 0 1 0 1 0 -1 0 0 3004.DAT
1 8 -91 -193 30 0 0 1 0 1 0 -1 0 0 3702.DAT
1 0 -101 -183 30 1 0 0 0 1 0 0 0 1 4459.DAT
1 7 -72 -182 30 0 -1 0 1 0 0 0 0 1 4210a.dat
1 8 -81 -217 30 0 0 1 0 1 0 -1 0 0 3001.DAT
1 8 -81 -241 30 1 0 0 0 1 0 0 0 1 3003.DAT
1 8 -81 -217 -20 1 0 0 0 1 0 0 0 1 3039.DAT
1 8 -81 -241 0 1 0 0 0 1 0 0 0 1 3039.DAT
1 8 -81 -217 80 -1 0 0 0 1 0 0 0 -1 3039.DAT
1 8 -81 -241 60 -1 0 0 0 1 0 0 0 -1 3039.DAT
1 8 -81 -250 30 0 0 1 0 1 0 -1 0 0 3020.DAT
0 Inlined: 1 8 -81 -258 30 1 0 0 0 1 0 0 0 1 k_mispod.dat
0 Name: k_mispod.DAT
0 Inlined: 1 8 -81 -258 30 1 0 0 0 1 0 0 0 1 k_misbas.dat
0 Name: k_misbas.DAT
1 8 -81 -258 30 1 0 0 0 1 0 0 0 1 3680.DAT
1 8 -81 -258 30 1 0 0 0 1 0 0 0 1 3679.DAT
1 8 -81 -266 40 1 0 0 0 1 0 0 0 1 3794.DAT
1 8 -81 -266 20 1 0 0 0 1 0 0 0 1 3794.DAT
1 0 -81 -274 30 0 0 -1 0 1 0 1 0 0 4275b.dat
0 Inlined: 1 8 -81 -300.5 65.8 1 0 0 0 0.34 -0.94 0 0.94 0.34 k_missl.dat
0 Name: k_missl.DAT
1 0 -81 -300.5 65.800003 0 0 1 0.94 0.34 0 -0.34 0.94 0 4276b.dat
1 0 -81 -297.779999 73.32 0 0 1 0.94 0.34 0 -0.34 0.94 0 3004.DAT
1 0 -81 -308.660004 43.240002 0 0 1 0.94 0.34 0 -0.34 0.94 0 3004.DAT
1 0 -81 -316.820007 20.68 0 0 1 0.94 0.34 0 -0.34 0.94 0 3004.DAT
1 0 -81 -324.980011 -1.88 0 0 1 0.94 0.34 0 -0.34 0.94 0 3004.DAT
1 4 -81 -327.700012 -9.4 0 0 1 0.94 0.34 0 -0.34 0.94 0 3069b.dat
0 Inlined: 1 8 79 -121 30 1 0 0 0 1 0 0 0 1 k_lshold.dat
0 Name: k_lshold.DAT
1 8 79 -121 30 0 0 1 0 1 0 -1 0 0 3020.DAT
1 8 79 -145 0 1 0 0 0 1 0 0 0 1 3660.DAT
1 8 79 -169 -20 1 0 0 0 1 0 0 0 1 3660.DAT
1 8 79 -145 60 -1 0 0 0 1 0 0 0 -1 3660.DAT
1 8 79 -169 80 -1 0 0 0 1 0 0 0 -1 3660.DAT
1 8 79 -145 30 1 0 0 0 1 0 0 0 1 3003.DAT
1 8 69 -169 30 0 0 1 0 1 0 -1 0 0 3701.DAT
1 0 60 -159 10 1 0 0 0 1 0 0 0 1 4459.DAT
1 0 60 -159 50 1 0 0 0 1 0 0 0 1 4459.DAT
1 8 89 -169 30 0 0 1 0 1 0 -1 0 0 3010.DAT
1 8 69 -193 -30 0 0 1 0 1 0 -1 0 0 3004.DAT
1 8 69 -193 90 0 0 1 0 1 0 -1 0 0 3004.DAT
1 8 89 -193 30 0 0 1 0 1 0 -1 0 0 3702.DAT
1 0 99 -183 30 1 0 0 0 1 0 0 0 1 4459.DAT
1 0 99 -183 30 1 0 0 0 1 0 0 0 1 4459.DAT
1 7 70 -184 30 0 1 0 -1 0 0 0 0 1 4210a.dat
1 8 79 -217 30 0 0 1 0 1 0 -1 0 0 3001.DAT
1 8 79 -241 30 1 0 0 0 1 0 0 0 1 3003.DAT
1 8 79 -217 -20 1 0 0 0 1 0 0 0 1 3039.DAT
1 8 79 -241 0 1 0 0 0 1 0 0 0 1 3039.DAT
1 8 79 -217 80 -1 0 0 0 1 0 0 0 -1 3039.DAT
1 8 79 -241 60 -1 0 0 0 1 0 0 0 -1 3039.DAT
1 8 79 -249 30 0 0 1 0 1 0 -1 0 0 3020.DAT
0 Inlined: 1 8 -1 -225 30 1 0 0 0 1 0 0 0 1 k_head.dat
0 Name: k_head.DAT
1 8 -1 -225 30 0 0 1 0 1 0 -1 0 0 3623.DAT
1 36 -1 -233 10 1 0 0 0 1 0 0 0 1 3024.DAT
1 8 -1 -233 40 0 0 1 0 1 0 -1 0 0 3794.DAT
1 8 -1 -257 20 1 0 0 0 1 0 0 0 1 3039.DAT
1 8 -1 -257 40 -1 0 0 0 1 0 0 0 -1 3660.DAT
1 8 -1 -265 40 0 0 -1 0 1 0 1 0 0 3021.DAT
1 8 -1 -273 50 1 0 0 0 1 0 0 0 1 4592.dat
1 0 -1 -275.190002 49.740002 1 0 0 0 0.97 0.26 0 -0.26 0.97 4593.dat
0 Inlined: 1 8 128.99 -131.28 30 0 -0.97 0.26 0 0.26 0.97 -1 0 0 k_larm.dat
0 Name: k_larm.DAT
0 Inlined: 1 8 128.99 -131.28 30 0 -0.97 0.26 0 0.26 0.97 -1 0 0 k_sholov.dat
0 Name: k_sholov.DAT
1 8 128.990005 -131.279999 30 0 -0.97 0.26 0 0.26 0.97 -1 0 0 3710.DAT
1 8 121.190002 -160.380005 60 -0.26 -0.97 0 -0.97 0.26 0 0 0 -1 3023.DAT
1 8 121.190002 -160.380005 0 -0.26 -0.97 0 -0.97 0.26 0 0 0 -1 3023.DAT
1 8 144.470001 -166.619995 60 -0.26 -0.97 0 -0.97 0.26 0 0 0 -1 3701.DAT
1 8 152.270004 -137.520004 30 0 -0.97 -0.26 0 0.26 -0.97 1 0 0 3700.DAT
1 8 144.470001 -166.619995 0 -0.26 -0.97 0 -0.97 0.26 0 0 0 -1 3701.DAT
1 8 160.029999 -139.600006 30 0 -0.97 0.26 0 0.26 0.97 -1 0 0 3710.DAT
1 8 149.630005 -178.399994 60 -0.26 -0.97 0 -0.97 0.26 0 0 0 -1 3623.DAT
1 8 149.630005 -178.399994 0 -0.26 -0.97 0 -0.97 0.26 0 0 0 -1 3623.DAT
1 8 154.789993 -190.179993 60 -0.26 -0.97 0 -0.97 0.26 0 0 0 -1 3023.DAT
1 8 154.789993 -190.179993 0 -0.26 -0.97 0 -0.97 0.26 0 0 0 -1 3023.DAT
1 8 165.190002 -151.380005 30 0 -0.97 0.26 0 0.26 0.97 -1 0 0 3020.DAT
1 8 185.869995 -167.320007 30 0 -0.97 -0.26 0 0.26 -0.97 1 0 0 3037.DAT
1 8 180.669998 -186.720001 30 0 -0.97 0.26 0 0.26 0.97 -1 0 0 3297.DAT
1 0 145.169998 -125.220001 30 0 -0.97 0.26 0 0.26 0.97 -1 0 0 6048.DAT
1 0 139.970001 -144.619995 -10 0 -0.97 0.26 0 0.26 0.97 -1 0 0 4459.DAT
1 0 134.770004 -164.020004 -9 0 -0.97 0.26 0 0.26 0.97 -1 0 0 4459.DAT
1 4 134.770004 -164.020004 -34 -0.97 0 0.26 0.26 0 0.97 0 1 0 3062b.DAT
1 4 139.970001 -144.619995 -34 -0.97 0 0.26 0.26 0 0.97 0 1 0 3062b.DAT
0 Inlined: 1 8 143.723 -49.163 -31.78 0.185 -0.97 -0.185 0.689 0.26 -0.689 0.71 0 0.71 k_4arm.dat
0 Name: k_4arm.DAT
1 8 143.723007 -49.162998 -31.780001 0.185 -0.97 -0.185 0.689 0.26 -0.689 0.71 0 0.71 3839b.dat
1 8 145.932999 -71.913002 -10.48 0.185 -0.97 0.185 0.689 0.26 0.689 -0.71 0 0.71 3020.DAT
1 8 163.662994 -98.822998 10.82 0.185 -0.97 -0.185 0.689 0.26 -0.689 0.71 0 0.71 3700.DAT
1 0 150.772995 -104.231003 19.34 0.185 -0.97 -0.185 0.689 0.26 -0.689 0.71 0 0.71 6217.DAT
1 8 169.212997 -78.153 -10.48 0.185 -0.97 -0.185 0.689 0.26 -0.689 0.71 0 0.71 3941.DAT
1 8 174.763 -57.483002 -31.780001 0.185 -0.97 -0.185 0.689 0.26 -0.689 0.71 0 0.71 3700.DAT
1 8 176.973007 -80.233002 -10.48 0.185 -0.97 0.185 0.689 0.26 0.689 -0.71 0 0.71 3020.DAT
1 8 198.403 -93.362999 -3.38 0.185 -0.97 -0.185 0.689 0.26 -0.689 0.71 0 0.71 3298.DAT
1 8 194.703003 -107.142998 10.82 0.185 -0.97 -0.185 0.689 0.26 -0.689 0.71 0 0.71 3004.DAT
1 8 202.462997 -109.223 10.82 0.185 -0.97 0.185 0.689 0.26 0.689 -0.71 0 0.71 3021.DAT
0 
0 Inlined: 1 8 171.115 -25.398 -62.19 -0.185 0.185 0.97 -0.689 0.689 -0.26 -0.71 -0.71 0 k_lhand.dat
0 Name: NEW.DAT
1 8 171.115005 -25.398001 -62.189999 -0.185 0.185 0.97 -0.689 0.689 -0.26 -0.71 -0.71 0 3815.dat
1 8 173.335007 -17.129999 -70.709999 -0.185 -0.97 0.185 -0.689 0.26 0.689 -0.71 0 -0.71 3816.dat
1 8 173.335007 -17.129999 -70.709999 -0.185 -0.97 0.185 -0.689 0.26 0.689 -0.71 0 -0.71 3817.dat
1 8 168.524994 -35.043999 -38.049999 -0.185 0.185 0.97 -0.689 0.689 -0.26 -0.71 -0.71 0 3005.DAT
1 8 164.824997 -48.824001 -52.25 -0.185 0.185 0.97 -0.689 0.689 -0.26 -0.71 -0.71 0 3040b.dat
1 8 165.195007 -47.445999 -39.470001 -0.185 0.185 0.97 -0.689 0.689 -0.26 -0.71 -0.71 0 3794.DAT
0 
0 Inlined: 1 8 119.098 -168.844 30.07 0 0 1.009 0 1.009 0 -1 0 0 k_shhin.dat
0 Name: NEW.DAT
1 8 119.098 -168.843994 30.07 0 0 1.009 0 1.009 0 -1 0 0 3022.DAT
1 8 119.098 -168.843994 30.07 0 0 1.009 0 1.009 0 -1 0 0 3022.DAT
1 8 109.008003 -193.059998 30.07 0 0 1.009 0 1.009 0 -1 0 0 3700.DAT
1 8 129.188004 -193.059998 40.07 -1.009 0 0 0 1.009 0 0 0 -1 6541.DAT
1 8 129.188004 -193.059998 20.07 -1.009 0 0 0 1.009 0 0 0 -1 6541.DAT
1 8 119.098 -201.132004 30.07 0 0 1.009 0 1.009 0 -1 0 0 3022.DAT
1 0 129.188004 -182.970001 10.07 0 0 1.009 0 1.009 0 -1 0 0 4459.DAT
1 0 129.188004 -182.970001 50.07 0 0 1.009 0 1.009 0 -1 0 0 4459.DAT
1 0 109.008003 -209.203995 30.07 0 0 1.009 0 1.009 0 -1 0 0 3069b.dat
0 
0 Inlined: 1 8 177.726 30.876 -26.77 0.97 0.185 -0.185 -0.26 0.689 -0.689 0 0.71 0.71 k_gun.dat
0 Name: NEW.DAT
0 Inlined: 1 8 177.726 30.876 -26.77 0.97 0.185 -0.185 -0.26 0.689 -0.689 0 0.71 0.71 k_barrel.dat
0 Name: NEW.DAT
1 0 177.725998 30.875999 -26.77 0.185 0.185 0.97 0.689 0.689 -0.26 -0.71 0.71 0 3737.DAT
1 7 193.080994 88.063004 -85.699997 0.97 0.185 -0.185 -0.26 0.689 -0.689 0 0.71 0.71 4143.DAT
1 7 191.600998 82.551003 -80.019997 0.97 0.185 -0.185 -0.26 0.689 -0.689 0 0.71 0.71 4143.DAT
1 7 190.121002 77.039001 -74.339996 0.97 0.185 -0.185 -0.26 0.689 -0.689 0 0.71 0.71 4143.DAT
1 7 198.445999 108.043999 -106.290001 -0.97 -0.185 0.185 0.26 -0.689 0.689 0 0.71 0.71 4589.DAT
1 34 199.740997 112.866997 -111.260002 0.97 -0.185 -0.185 -0.26 -0.689 -0.689 0 0.71 -0.71 4073.DAT
0 
0 Inlined: 1 8 163.111 -23.555 29.32 0.97 0.185 0.185 -0.26 0.689 0.689 0 -0.71 0.71 k_stock.dat
0 Name: NEW.DAT
1 7 163.110992 -23.555 29.32 0.97 0.185 0.185 -0.26 0.689 0.689 0 -0.71 0.71 3941.DAT
1 7 161.630997 -29.066999 35 0.97 0.185 0.185 -0.26 0.689 0.689 0 -0.71 0.71 3956.DAT
1 7 157.190994 -45.603001 52.040001 0.97 0.185 0.185 -0.26 0.689 0.689 0 -0.71 0.71 3941.DAT
1 7 152.751007 -62.139 69.080002 0.97 0.185 0.185 -0.26 0.689 0.689 0 -0.71 0.71 3941.DAT
1 7 148.311005 -78.675003 86.120003 0.97 0.185 0.185 -0.26 0.689 0.689 0 -0.71 0.71 3941.DAT
1 7 148.311005 -78.675003 86.120003 0.97 0.185 0.185 -0.26 0.689 0.689 0 -0.71 0.71 3941.DAT
0 
0 Inlined: 1 8 170.486 -73.54 24.35 0.185 0.185 0.97 0.689 0.689 -0.26 -0.71 0.71 0 k_brakt.dat
0 Name: NEW.DAT
1 7 170.485992 -73.540001 24.35 -0.97 0.185 0.185 0.26 0.689 0.689 0 0.71 -0.71 3020.DAT
1 7 188.406006 -84.251999 18.67 -0.185 0.185 -0.97 -0.689 0.689 0.26 0.71 0.71 0 3956.DAT
1 7 149.606003 -73.851997 18.67 0.185 0.185 0.97 0.689 0.689 -0.26 -0.71 0.71 0 3068bp07.dat
1 36 219.626007 -107.391998 4.47 -0.185 -0.97 -0.185 -0.689 0.26 -0.689 0.71 0 -0.71 4073.DAT
1 36 224.475998 -108.692001 4.47 -0.185 -0.97 -0.185 -0.689 0.26 -0.689 0.71 0 -0.71 4740.DAT
0 
0 
0 
0 Inlined: 1 8 -131.11 -132.66 30 0 0.97 -0.26 0 0.26 0.97 1 0 0 k_rarm.dat
0 Name: NEW.DAT
0 Inlined: 1 8 -131.11 -132.66 30 0 0.97 -0.26 0 0.26 0.97 1 0 0 k_sholov.dat
0 Name: NEW.DAT
1 8 -131.110001 -132.660004 30 0 0.97 -0.26 0 0.26 0.97 1 0 0 3710.DAT
1 8 -123.309998 -161.759995 0 0.26 0.97 0 -0.97 0.26 0 0 0 1 3023.DAT
1 8 -123.309998 -161.759995 60 0.26 0.97 0 -0.97 0.26 0 0 0 1 3023.DAT
1 8 -146.589996 -168 0 0.26 0.97 0 -0.97 0.26 0 0 0 1 3701.DAT
1 8 -154.389999 -138.899994 30 0 0.97 0.26 0 0.26 -0.97 -1 0 0 3700.DAT
1 8 -146.589996 -168 60 0.26 0.97 0 -0.97 0.26 0 0 0 1 3701.DAT
1 8 -162.149994 -140.979996 30 0 0.97 -0.26 0 0.26 0.97 1 0 0 3710.DAT
1 8 -151.75 -179.779999 0 0.26 0.97 0 -0.97 0.26 0 0 0 1 3623.DAT
1 8 -151.75 -179.779999 60 0.26 0.97 0 -0.97 0.26 0 0 0 1 3623.DAT
1 8 -156.910004 -191.559998 0 0.26 0.97 0 -0.97 0.26 0 0 0 1 3023.DAT
1 8 -156.910004 -191.559998 60 0.26 0.97 0 -0.97 0.26 0 0 0 1 3023.DAT
1 8 -167.309998 -152.759995 30 0 0.97 -0.26 0 0.26 0.97 1 0 0 3020.DAT
1 8 -187.990005 -168.699997 30 0 0.97 0.26 0 0.26 -0.97 -1 0 0 3037.DAT
1 8 -182.789993 -188.100006 30 0 0.97 -0.26 0 0.26 0.97 1 0 0 3297.DAT
1 0 -147.289993 -126.599998 30 0 0.97 -0.26 0 0.26 0.97 1 0 0 6048.DAT
0 
1 0 -143.059998 -146.259995 -10 0 0.97 -0.26 0 0.26 0.97 1 0 0 4459.DAT
1 0 -137.860001 -165.660004 -10 0 0.97 -0.26 0 0.26 0.97 1 0 0 4459.DAT
1 4 -137.860001 -165.660004 -34 -0.97 0 -0.26 -0.26 0 0.97 0 1 0 3062b.DAT
1 4 -143.059998 -146.259995 -34 -0.97 0 -0.26 -0.26 0 0.97 0 1 0 3062b.DAT
0 Inlined: 1 8 -146.103 -49.573 -31.78 0.185 0.97 0.185 -0.689 0.26 -0.689 -0.71 0 0.71 k_4arm.dat
0 Name: NEW.DAT
1 8 -146.102997 -49.573002 -31.780001 0.185 0.97 0.185 -0.689 0.26 -0.689 -0.71 0 0.71 3839b.dat
1 8 -148.313004 -72.322998 -10.48 -0.185 0.97 0.185 0.689 0.26 -0.689 -0.71 0 -0.71 3020.DAT
1 8 -166.042999 -99.233002 10.82 0.185 0.97 0.185 -0.689 0.26 -0.689 -0.71 0 0.71 3700.DAT
1 0 -153.153 -104.640999 19.34 0.185 0.97 0.185 -0.689 0.26 -0.689 -0.71 0 0.71 6217.DAT
1 8 -171.593002 -78.563004 -10.48 0.185 0.97 0.185 -0.689 0.26 -0.689 -0.71 0 0.71 3941.DAT
1 8 -177.143005 -57.893002 -31.780001 0.185 0.97 0.185 -0.689 0.26 -0.689 -0.71 0 0.71 3700.DAT
1 8 -179.352997 -80.642998 -10.48 -0.185 0.97 0.185 0.689 0.26 -0.689 -0.71 0 -0.71 3020.DAT
1 8 -200.783005 -93.773003 -3.38 0.185 0.97 0.185 -0.689 0.26 -0.689 -0.71 0 0.71 3298.DAT
1 8 -197.082993 -107.553001 10.82 0.185 0.97 0.185 -0.689 0.26 -0.689 -0.71 0 0.71 3004.DAT
1 8 -204.843002 -109.633003 10.82 -0.185 0.97 0.185 0.689 0.26 -0.689 -0.71 0 -0.71 3021.DAT
0 
0 Inlined: 1 8 -173.623 -25.333 -61.7 -0.185 -0.185 -0.97 0.689 0.689 -0.26 0.71 -0.71 0 k_rhand.dat
0 Name: NEW.DAT
1 8 -173.623001 -25.333 -61.700001 -0.185 -0.185 -0.97 0.689 0.689 -0.26 0.71 -0.71 0 3815.dat
1 8 -175.843002 -17.065001 -70.220001 -0.185 0.97 -0.185 0.689 0.26 0.689 0.71 0 -0.71 3816.dat
1 8 -175.843002 -17.065001 -70.220001 -0.185 0.97 -0.185 0.689 0.26 0.689 0.71 0 -0.71 3817.dat
1 8 -171.033005 -34.979 -37.560001 -0.185 -0.185 -0.97 0.689 0.689 -0.26 0.71 -0.71 0 3005.DAT
1 8 -167.332993 -48.758999 -51.759998 -0.185 -0.185 -0.97 0.689 0.689 -0.26 0.71 -0.71 0 3040b.dat
1 8 -167.703003 -47.381001 -38.98 -0.185 -0.185 -0.97 0.689 0.689 -0.26 0.71 -0.71 0 3794.DAT
0 
0 Inlined: 1 8 -121.218 -170.224 29.93 0 0 -1.009 0 1.009 0 1 0 0 k_shhin.dat
0 Name: NEW.DAT
1 8 -121.218002 -170.223999 29.93 0 0 -1.009 0 1.009 0 1 0 0 3022.DAT
1 8 -121.218002 -170.223999 29.93 0 0 -1.009 0 1.009 0 1 0 0 3022.DAT
1 8 -111.127998 -194.440002 29.93 0 0 -1.009 0 1.009 0 1 0 0 3700.DAT
1 8 -131.307999 -194.440002 19.93 1.009 0 0 0 1.009 0 0 0 1 6541.DAT
1 8 -131.307999 -194.440002 39.93 1.009 0 0 0 1.009 0 0 0 1 6541.DAT
1 8 -121.218002 -202.511993 29.93 0 0 -1.009 0 1.009 0 1 0 0 3022.DAT
1 0 -131.307999 -184.350006 49.93 0 0 -1.009 0 1.009 0 1 0 0 4459.DAT
1 0 -131.307999 -184.350006 9.93 0 0 -1.009 0 1.009 0 1 0 0 4459.DAT
1 0 -111.127998 -210.584 29.93 0 0 -1.009 0 1.009 0 1 0 0 3069b.dat
0 
0 
0 
0 
0